3 0.1641127348643006 0.3189938080495356 0.09336116910229644 0.0923219814241486
3 0.5849478079331941 0.38672600619195047 0.06342379958246347 0.049767801857585135
3 0.7298225469728601 0.15389318885448916 0.05870563674321504 0.0484984520123839
3 0.7317223382045929 0.2054876160990712 0.04491649269311065 0.041811145510835916
3 0.39620041753653445 0.1803250773993808 0.07736951983298539 0.054922600619195044
3 0.9409185803757829 0.27738390092879256 0.08710855949895616 0.07102167182662539
1 0.6592588726513571 0.07503095975232198 0.08678496868475992 0.06493034055727555
1 0.8203340292275574 0.26445046439628483 0.11144050104384134 0.09545665634674923
1 0.4122338204592902 0.49419504643962847 0.10420668058455114 0.08280959752321981
1 0.5566179540709812 0.49828173374613 0.11113778705636743 0.09486842105263157
1 0.28068893528183714 0.49070433436532507 0.09163883089770355 0.09518575851393189
1 0.3716597077244259 0.8057585139318885 0.09614822546972861 0.06739164086687306
1 0.7435281837160751 0.6486764705882353 0.07787056367432149 0.0821826625386997
4 0.6774112734864302 0.27491486068111454 0.10222338204592903 0.08155572755417957
4 0.2448016701461378 0.7391950464396284 0.10860125260960335 0.11229876160990712
4 0.47673277661795405 0.7123219814241486 0.10273486430062631 0.10885448916408667