0 0.3345161290322581 0.6367838765008577 0.11527956989247311 0.1028902229845626
0 0.46080645161290323 0.6249571183533448 0.09903225806451613 0.10926243567753002
0 0.5870645161290323 0.621114922813036 0.09886021505376344 0.08014579759862779
0 0.6969354838709677 0.6073413379073757 0.09536559139784946 0.09548027444253859
0 0.5479354838709677 0.9162006861063464 0.12833333333333333 0.0999828473413379
4 0.4062150537634408 0.7815523156089194 0.16189247311827956 0.12656946826758148
4 0.6689247311827957 0.7629845626072042 0.17119354838709677 0.1366123499142367
3 0.7721182795698925 0.08686106346483705 0.08723655913978494 0.06222984562607204
3 0.7716666666666666 0.2190566037735849 0.07559139784946237 0.05645797598627787
3 0.7696451612903226 0.3107204116638079 0.08229032258064516 0.051123499142367065
3 0.7721935483870968 0.41072898799313895 0.08202150537634409 0.0667409948542024