3 0.9068789808917197 0.16081521739130433 0.03774946921443737 0.02739130434782609
3 0.8320488322717622 0.15910714285714286 0.03897027600849257 0.022049689440993787
3 0.6833970276008492 0.15065993788819876 0.04654989384288748 0.028369565217391302
3 0.6181104033970276 0.15354813664596273 0.042505307855626326 0.028346273291925465
3 0.4509129511677282 0.1454503105590062 0.041624203821656054 0.02569099378881988
3 0.16358811040339702 0.1367391304347826 0.03867303609341826 0.03150621118012422
3 0.22625265392781316 0.13725931677018632 0.04307855626326964 0.029402173913043478
3 0.3991613588110403 0.14662267080745342 0.03869426751592357 0.029984472049689438
0 0.15418259023354566 0.25388975155279503 0.07014861995753716 0.052864906832298136
0 0.2417197452229299 0.25198757763975155 0.07053078556263269 0.04713509316770186
0 0.39561571125265393 0.25671583850931673 0.0501380042462845 0.050776397515527955
0 0.45719745222929936 0.25857142857142856 0.05697452229299363 0.046746894409937886
0 0.6245116772823779 0.27089285714285716 0.047377919320594486 0.04622670807453416
0 0.6927707006369427 0.27310559006211177 0.05156050955414013 0.04871894409937888
0 0.8415817409766454 0.277639751552795 0.06332271762208068 0.06745341614906832
0 0.9165180467091295 0.2712888198757764 0.06735668789808917 0.0586335403726708
2 0.8812632696390658 0.3773214285714286 0.05581740976645435 0.05775621118012422
2 0.6560403397027601 0.37468167701863353 0.04306794055201699 0.05249223602484472
2 0.42453290870488325 0.3687655279503106 0.04819532908704883 0.05420807453416149
2 0.2015498938428875 0.35993788819875777 0.054798301486199574 0.06364906832298137
0 0.06911889596602973 0.5040217391304348 0.06411889596602972 0.05452639751552795
0 0.14573248407643313 0.4987189440993789 0.05533970276008493 0.05278726708074534
0 0.28533970276008497 0.5037111801242236 0.05925690021231422 0.06082298136645963
0 0.37343949044585983 0.501444099378882 0.04980891719745223 0.06209627329192547
0 0.5059129511677283 0.5108928571428571 0.05898089171974522 0.05389751552795031
0 0.6117728237791932 0.5092080745341615 0.058949044585987265 0.05440217391304347
0 0.7589490445859872 0.5129270186335404 0.06215498938428875 0.052158385093167704
4 0.5560934182590234 0.7676009316770186 0.1090552016985138 0.09499223602484472
4 0.12983014861995754 0.7407686335403727 0.09291932059447983 0.07809782608695652