3 0.4164424951267056 0.04548611111111111 0.07265107212475634 0.05625
3 0.2946101364522417 0.2674884259259259 0.0596588693957115 0.07586805555555555
3 0.13625730994152047 0.2678935185185185 0.06134502923976608 0.07283564814814815
3 0.562485380116959 0.4681365740740741 0.05934697855750488 0.08364583333333332
3 0.38551656920077976 0.7178240740740741 0.09526315789473684 0.08148148148148149
3 0.3078947368421052 0.9408449074074073 0.10573099415204679 0.0838425925925926
1 0.12176413255360624 0.5132523148148148 0.11031189083820664 0.09287037037037037
1 0.6817056530214425 0.5465740740740741 0.13535087719298247 0.12479166666666666
1 0.6363645224171539 0.6845138888888889 0.1323879142300195 0.1267476851851852
1 0.6811695906432749 0.836550925925926 0.12451267056530214 0.11061342592592592
1 0.4537231968810916 0.1470949074074074 0.16021442495126706 0.13600694444444444
4 0.6587231968810916 0.1970023148148148 0.17285575048732943 0.17796296296296296
4 0.371140350877193 0.36702546296296296 0.11526315789473685 0.11291666666666667
4 0.8917251461988304 0.6010648148148149 0.1102923976608187 0.13346064814814815
4 0.8424366471734893 0.8592592592592593 0.13192007797270955 0.1830324074074074