3 0.3440562248995984 0.2178341013824885 0.08067269076305221 0.05165130568356375
3 0.5965562248995984 0.3868509984639017 0.07864457831325301 0.06709677419354838
3 0.8666465863453815 0.2378878648233487 0.0716566265060241 0.04182027649769585
4 0.5914156626506024 0.23666666666666666 0.09849397590361446 0.09698924731182795
4 0.7035642570281124 0.5764900153609831 0.12703815261044177 0.08088325652841782
4 0.38736947791164655 0.8133486943164363 0.17734939759036142 0.08675883256528417
4 0.15877510040160642 0.8165745007680492 0.1418574297188755 0.10089861751152074
0 0.24927710843373493 0.5831874039938556 0.09694779116465864 0.10262672811059909
0 0.35634538152610445 0.5890092165898617 0.09522088353413655 0.0912288786482335
0 0.4658232931726907 0.5860983102918587 0.10250000000000001 0.09692780337941628
0 0.7209738955823294 0.23871735791090629 0.10158634538152611 0.08188940092165899