3 0.7523584905660378 0.12360979462875198 0.12106918238993711 0.06554502369668247
3 0.7446383647798742 0.319304897314376 0.17638364779874216 0.08174565560821484
3 0.7487893081761007 0.5003238546603476 0.16894654088050315 0.09623222748815166
3 0.7358176100628931 0.6845971563981043 0.14303459119496856 0.09078199052132702
0 0.20828616352201257 0.7462796208530805 0.10209119496855347 0.06680884676145339
0 0.3144182389937107 0.7546129541864139 0.11015723270440252 0.07952606635071091
0 0.4381603773584906 0.7770142180094787 0.12996855345911948 0.07304897314375988
0 0.6070125786163522 0.7978909952606635 0.13699685534591194 0.07524486571879938
4 0.5259591194968554 0.8728830963665086 0.1321069182389937 0.07120063191153239
4 0.2458805031446541 0.8509873617693522 0.15371069182389938 0.0787519747235387
0 0.37616352201257863 0.9459794628751974 0.12339622641509435 0.051516587677725115